% definition of parameters
be=[1e-06 1e-05 0.0001 0.001 0.01];
le=[0 1e-06 1e-05 0.0001 0.001];
tp=[0 1e-06 1e-05 0.0001 0.001];
vp=[0 1e-06 1e-05 0.0001 0.001];
ds=4; %[4 8 16];